0.0658682634730539 0.8111888111888111
0.059880239520958084 0.8601398601398601
0.0718562874251497 0.8111888111888111
0.08383233532934131 0.7972027972027972
0.12574850299401197 0.7832167832167832
0.16167664670658682 0.7692307692307693
0.17365269461077845 0.7552447552447552
0.20359281437125748 0.6923076923076923
0.20958083832335328 0.6573426573426573
0.23952095808383234 0.6153846153846154
0.2754491017964072 0.6153846153846154
0.33532934131736525 0.14685314685314685
0.437125748502994 0.11888111888111888
0.40718562874251496 0.14685314685314685
0.4491017964071856 0.11888111888111888
0.49700598802395207 0.11888111888111888
