0.2634730538922156 0.8111888111888111
0.2634730538922156 0.8111888111888111
0.2634730538922156 0.8111888111888111
0.2634730538922156 0.8111888111888111
0.2634730538922156 0.8111888111888111
0.2634730538922156 0.8111888111888111
0.2634730538922156 0.8111888111888111
0.2634730538922156 0.8111888111888111
0.2634730538922156 0.8111888111888111
0.2634730538922156 0.8111888111888111
0.2634730538922156 0.8111888111888111
0.2634730538922156 0.8111888111888111
0.2634730538922156 0.8111888111888111
0.2634730538922156 0.8111888111888111
0.2634730538922156 0.8111888111888111
0.2634730538922156 0.8111888111888111
0.2634730538922156 0.8041958041958042
0.2634730538922156 0.8041958041958042
0.2634730538922156 0.8041958041958042
0.2634730538922156 0.8041958041958042
0.2634730538922156 0.8041958041958042
0.2634730538922156 0.8181818181818182
0.2634730538922156 0.8181818181818182
0.2634730538922156 0.8181818181818182
0.2634730538922156 0.8041958041958042
0.2694610778443114 0.7342657342657343
0.2694610778443114 0.7342657342657343
0.2694610778443114 0.7342657342657343
0.2694610778443114 0.7342657342657343
0.2694610778443114 0.7342657342657343
0.2694610778443114 0.7342657342657343
0.2754491017964072 0.8041958041958042
0.2754491017964072 0.8041958041958042
0.2754491017964072 0.8041958041958042
0.2754491017964072 0.8041958041958042
0.2754491017964072 0.8041958041958042
0.2754491017964072 0.8041958041958042
0.2754491017964072 0.8041958041958042
0.2754491017964072 0.8041958041958042
0.2754491017964072 0.8041958041958042
0.2754491017964072 0.8041958041958042
0.2754491017964072 0.8041958041958042
0.2754491017964072 0.8041958041958042
0.2754491017964072 0.8041958041958042
0.2754491017964072 0.7902097902097902
0.281437125748503 0.958041958041958
0.281437125748503 0.958041958041958
0.2874251497005988 0.8251748251748252
0.2934131736526946 0.986013986013986
0.2994011976047904 0.8251748251748252
0.30538922155688625 0.8391608391608392
0.31137724550898205 0.8881118881118881
0.31137724550898205 0.8881118881118881
0.31137724550898205 0.8881118881118881
0.32934131736526945 0.8531468531468531
0.32934131736526945 0.8531468531468531
0.32934131736526945 0.8531468531468531
0.32934131736526945 0.8531468531468531
0.32934131736526945 0.8531468531468531
0.32934131736526945 0.8531468531468531
0.3652694610778443 0.951048951048951
0.3712574850299401 0.8601398601398601
0.3712574850299401 0.8601398601398601
0.3712574850299401 0.8391608391608392
0.38922155688622756 0.9790209790209791
0.3772455089820359 0.8321678321678322
0.40119760479041916 0.8671328671328671
0.39520958083832336 0.9790209790209791
0.40119760479041916 0.8251748251748252
0.39520958083832336 0.8111888111888111
0.39520958083832336 0.16783216783216784
0.4251497005988024 0.6363636363636364
0.41916167664670656 0.1958041958041958
0.4311377245508982 0.20279720279720279
0.4491017964071856 0.8251748251748252
0.4550898203592814 0.8181818181818182
0.46107784431137727 0.15384615384615385
0.4311377245508982 0.8181818181818182
0.4550898203592814 0.7902097902097902
0.47305389221556887 0.7062937062937062
0.47904191616766467 0.7972027972027972
0.4550898203592814 0.8181818181818182
0.437125748502994 0.1888111888111888
0.4311377245508982 0.18181818181818182
0.4431137724550898 0.8181818181818182
0.47305389221556887 0.7062937062937062
0.49700598802395207 0.17482517482517482
0.41317365269461076 0.8111888111888111
0.47305389221556887 0.7062937062937062
0.47904191616766467 0.13286713286713286
0.5329341317365269 0.8531468531468531
0.4491017964071856 0.13986013986013987
0.5449101796407185 0.15384615384615385
0.5329341317365269 0.6923076923076923
0.4251497005988024 0.8601398601398601
0.47904191616766467 0.7412587412587412
0.5508982035928144 0.1258741258741259
0.5508982035928144 0.1048951048951049
0.5389221556886228 0.8391608391608392
0.5269461077844312 0.6783216783216783
0.5029940119760479 0.7692307692307693
0.437125748502994 0.8111888111888111
0.5209580838323353 0.8111888111888111
0.49101796407185627 0.8111888111888111
0.48502994011976047 0.8181818181818182
0.5029940119760479 0.1258741258741259
0.40119760479041916 0.8391608391608392
0.49101796407185627 0.15384615384615385
0.49700598802395207 0.17482517482517482
0.5209580838323353 0.17482517482517482
0.47305389221556887 0.5804195804195804
0.6047904191616766 0.14685314685314685
0.46107784431137727 0.15384615384615385
0.5149700598802395 0.8321678321678322
0.47305389221556887 0.8321678321678322
0.5089820359281437 0.8181818181818182
0.5149700598802395 0.16783216783216784
0.5508982035928144 0.16783216783216784
0.49700598802395207 0.14685314685314685
0.49700598802395207 0.13286713286713286
0.5029940119760479 0.17482517482517482
0.5209580838323353 0.6993006993006993
0.40718562874251496 0.11888111888111888
0.46706586826347307 0.7972027972027972
0.47305389221556887 0.8321678321678322
0.5269461077844312 0.5874125874125874
0.49101796407185627 0.8671328671328671
0.41916167664670656 0.8391608391608392
0.48502994011976047 0.7552447552447552
0.46706586826347307 0.7132867132867133
0.47305389221556887 0.1888111888111888
0.47305389221556887 0.14685314685314685
0.4431137724550898 0.7762237762237763
0.5329341317365269 0.5594405594405595
0.5149700598802395 0.8321678321678322
0.49700598802395207 0.1258741258741259
0.5209580838323353 0.7692307692307693
0.48502994011976047 0.11188811188811189
0.5449101796407185 0.1258741258741259
0.48502994011976047 0.7132867132867133
0.49101796407185627 0.7762237762237763
0.4431137724550898 0.16083916083916083
0.5508982035928144 0.8041958041958042
0.49101796407185627 0.8391608391608392
0.47305389221556887 0.16783216783216784
0.47904191616766467 0.16783216783216784
0.47904191616766467 0.8461538461538461
0.49101796407185627 0.21678321678321677
0.6047904191616766 0.17482517482517482
0.49101796407185627 0.1258741258741259
0.5029940119760479 0.16083916083916083
0.5568862275449101 0.16083916083916083
0.5269461077844312 0.15384615384615385
0.47904191616766467 0.16783216783216784
0.5089820359281437 0.8601398601398601
0.5449101796407185 0.13986013986013987
0.47904191616766467 0.16083916083916083
0.5029940119760479 0.7132867132867133
0.4491017964071856 0.14685314685314685
0.47904191616766467 0.15384615384615385
0.4550898203592814 0.8321678321678322
0.5029940119760479 0.8391608391608392
0.47305389221556887 0.7622377622377622
0.49101796407185627 0.7902097902097902
0.46107784431137727 0.7412587412587412
0.47305389221556887 0.6223776223776224
0.5269461077844312 0.16083916083916083
