0.3712574850299401 0.7762237762237763
0.3592814371257485 0.6993006993006993
0.3592814371257485 0.6993006993006993
0.3592814371257485 0.6993006993006993
0.3592814371257485 0.6993006993006993
0.3592814371257485 0.6993006993006993
0.3592814371257485 0.6993006993006993
0.3592814371257485 0.6993006993006993
0.3592814371257485 0.6993006993006993
0.3532934131736527 0.7832167832167832
0.3532934131736527 0.7832167832167832
0.3532934131736527 0.7832167832167832
0.3532934131736527 0.7832167832167832
0.3532934131736527 0.7832167832167832
0.3532934131736527 0.7832167832167832
0.3532934131736527 0.7832167832167832
0.3532934131736527 0.7832167832167832
0.3532934131736527 0.7832167832167832
0.3532934131736527 0.7832167832167832
0.3473053892215569 0.8111888111888111
0.3473053892215569 0.8111888111888111
0.3413173652694611 0.7972027972027972
0.3413173652694611 0.7902097902097902
0.3413173652694611 0.7902097902097902
0.33532934131736525 0.8111888111888111
0.33532934131736525 0.8111888111888111
0.33532934131736525 0.7482517482517482
0.31137724550898205 0.7762237762237763
0.31137724550898205 0.7762237762237763
0.31137724550898205 0.7762237762237763
0.31137724550898205 0.7762237762237763
0.31137724550898205 0.7762237762237763
0.31137724550898205 0.7762237762237763
0.31137724550898205 0.7762237762237763
0.31137724550898205 0.7762237762237763
0.31137724550898205 0.7762237762237763
0.31137724550898205 0.7762237762237763
0.31137724550898205 0.7762237762237763
0.30538922155688625 0.8531468531468531
0.30538922155688625 0.8531468531468531
0.2994011976047904 0.8391608391608392
0.281437125748503 0.8321678321678322
0.281437125748503 0.8321678321678322
0.281437125748503 0.8321678321678322
0.281437125748503 0.8321678321678322
0.281437125748503 0.8321678321678322
0.281437125748503 0.8321678321678322
0.281437125748503 0.8321678321678322
0.2934131736526946 0.8531468531468531
0.2934131736526946 0.8531468531468531
0.30538922155688625 0.8531468531468531
0.30538922155688625 0.8531468531468531
0.30538922155688625 0.8531468531468531
0.30538922155688625 0.8531468531468531
0.32934131736526945 0.7272727272727273
0.33532934131736525 0.5524475524475524
0.33532934131736525 0.5524475524475524
0.33532934131736525 0.5524475524475524
0.33532934131736525 0.5524475524475524
0.33532934131736525 0.5524475524475524
0.3652694610778443 0.8181818181818182
0.3652694610778443 0.8181818181818182
0.3652694610778443 0.8181818181818182
0.3772455089820359 0.7902097902097902
0.3772455089820359 0.7902097902097902
0.39520958083832336 0.8321678321678322
0.40119760479041916 0.8111888111888111
0.40119760479041916 0.8111888111888111
0.39520958083832336 0.8321678321678322
0.3772455089820359 0.7902097902097902
0.4251497005988024 0.8041958041958042
0.3652694610778443 0.7832167832167832
0.4311377245508982 0.8321678321678322
0.38922155688622756 0.8391608391608392
0.4311377245508982 0.8111888111888111
0.4311377245508982 0.8111888111888111
0.4431137724550898 0.8251748251748252
0.3712574850299401 0.7972027972027972
0.3712574850299401 0.7972027972027972
0.39520958083832336 0.5874125874125874
0.38323353293413176 0.7552447552447552
0.3532934131736527 0.8041958041958042
0.46706586826347307 0.7272727272727273
0.41916167664670656 0.6853146853146853
0.49101796407185627 0.18181818181818182
0.4311377245508982 0.8391608391608392
0.46706586826347307 0.7972027972027972
0.4491017964071856 0.7972027972027972
0.5269461077844312 0.13286713286713286
0.47904191616766467 0.7902097902097902
0.5329341317365269 0.8391608391608392
0.5389221556886228 0.1888111888111888
0.5149700598802395 0.14685314685314685
0.5329341317365269 0.7692307692307693
0.47305389221556887 0.13986013986013987
0.5029940119760479 0.7062937062937062
0.5089820359281437 0.16783216783216784
0.5508982035928144 0.6853146853146853
0.5089820359281437 0.7342657342657343
0.5808383233532934 0.7622377622377622
0.5149700598802395 0.6783216783216783
0.49700598802395207 0.8321678321678322
0.5269461077844312 0.8181818181818182
0.5149700598802395 0.8321678321678322
0.47305389221556887 0.13986013986013987
0.5209580838323353 0.8041958041958042
0.5089820359281437 0.16083916083916083
0.47305389221556887 0.5944055944055944
0.5149700598802395 0.18181818181818182
0.5748502994011976 0.1258741258741259
0.47904191616766467 0.5734265734265734
0.49101796407185627 0.8111888111888111
0.46107784431137727 0.15384615384615385
0.5329341317365269 0.1888111888111888
0.46107784431137727 0.6993006993006993
0.49101796407185627 0.8321678321678322
0.5029940119760479 0.7622377622377622
0.47904191616766467 0.15384615384615385
0.49700598802395207 0.8461538461538461
0.49700598802395207 0.7132867132867133
0.4550898203592814 0.18181818181818182
0.5089820359281437 0.8531468531468531
0.46107784431137727 0.15384615384615385
0.5449101796407185 0.8461538461538461
0.5568862275449101 0.6993006993006993
0.4491017964071856 0.7412587412587412
0.5029940119760479 0.13286713286713286
0.4550898203592814 0.7972027972027972
0.5089820359281437 0.11888111888111888
0.49700598802395207 0.15384615384615385
0.4251497005988024 0.1258741258741259
0.5149700598802395 0.1888111888111888
0.5449101796407185 0.13286713286713286
0.49101796407185627 0.7622377622377622
0.4491017964071856 0.6153846153846154
0.5149700598802395 0.17482517482517482
0.5209580838323353 0.13986013986013987
0.5149700598802395 0.16783216783216784
0.46107784431137727 0.8181818181818182
0.4550898203592814 0.8251748251748252
0.5209580838323353 0.14685314685314685
0.5089820359281437 0.16083916083916083
0.47305389221556887 0.8461538461538461
0.5029940119760479 0.17482517482517482
0.46107784431137727 0.6083916083916084
0.5269461077844312 0.13986013986013987
0.5568862275449101 0.14685314685314685
0.4491017964071856 0.18181818181818182
0.5149700598802395 0.7412587412587412
0.49700598802395207 0.8391608391608392
0.5329341317365269 0.5944055944055944
0.5329341317365269 0.1258741258741259
0.5209580838323353 0.16783216783216784
0.41916167664670656 0.1888111888111888
0.5089820359281437 0.5314685314685315
0.48502994011976047 0.8181818181818182
0.49101796407185627 0.15384615384615385
0.592814371257485 0.15384615384615385
0.5269461077844312 0.16783216783216784
0.5209580838323353 0.14685314685314685
0.5029940119760479 0.8111888111888111
0.46706586826347307 0.16783216783216784
0.562874251497006 0.6503496503496503
0.46107784431137727 0.13986013986013987
0.5269461077844312 0.8461538461538461
0.46706586826347307 0.15384615384615385
0.5269461077844312 0.8671328671328671
