0.32335329341317365 0.1888111888111888
0.32335329341317365 0.1888111888111888
0.32335329341317365 0.1888111888111888
0.32335329341317365 0.1888111888111888
0.32335329341317365 0.1888111888111888
0.32335329341317365 0.1888111888111888
0.32335329341317365 0.1888111888111888
0.32335329341317365 0.1888111888111888
0.30538922155688625 0.16783216783216784
0.30538922155688625 0.16783216783216784
0.30538922155688625 0.16783216783216784
0.30538922155688625 0.16783216783216784
0.30538922155688625 0.16783216783216784
0.30538922155688625 0.16783216783216784
0.30538922155688625 0.16783216783216784
0.30538922155688625 0.16783216783216784
0.30538922155688625 0.16783216783216784
0.30538922155688625 0.16783216783216784
0.30538922155688625 0.16783216783216784
0.30538922155688625 0.16783216783216784
0.30538922155688625 0.16783216783216784
0.30538922155688625 0.16783216783216784
0.30538922155688625 0.16783216783216784
0.30538922155688625 0.16783216783216784
0.31736526946107785 0.7132867132867133
0.31736526946107785 0.7132867132867133
0.31736526946107785 0.7132867132867133
0.32934131736526945 0.7202797202797203
0.32934131736526945 0.7342657342657343
0.31736526946107785 0.8251748251748252
0.31137724550898205 0.8181818181818182
0.31137724550898205 0.8181818181818182
0.31137724550898205 0.8111888111888111
0.30538922155688625 0.8111888111888111
0.30538922155688625 0.8111888111888111
0.30538922155688625 0.8111888111888111
0.30538922155688625 0.8111888111888111
0.30538922155688625 0.8111888111888111
0.281437125748503 0.8391608391608392
0.281437125748503 0.8391608391608392
0.281437125748503 0.8391608391608392
0.281437125748503 0.8391608391608392
0.281437125748503 0.8391608391608392
0.281437125748503 0.8391608391608392
0.281437125748503 0.8391608391608392
0.281437125748503 0.8391608391608392
0.281437125748503 0.8391608391608392
0.281437125748503 0.8391608391608392
0.281437125748503 0.8391608391608392
0.281437125748503 0.8391608391608392
0.281437125748503 0.8391608391608392
0.281437125748503 0.8391608391608392
0.281437125748503 0.8391608391608392
0.281437125748503 0.8391608391608392
0.32335329341317365 0.8041958041958042
0.31137724550898205 0.8391608391608392
0.31736526946107785 0.13986013986013987
0.31736526946107785 0.13986013986013987
0.31736526946107785 0.13986013986013987
0.31736526946107785 0.13986013986013987
0.3592814371257485 0.16783216783216784
0.3712574850299401 0.18181818181818182
0.3772455089820359 0.18181818181818182
0.3772455089820359 0.18181818181818182
0.3772455089820359 0.18181818181818182
0.3772455089820359 0.18181818181818182
0.3772455089820359 0.18181818181818182
0.3712574850299401 0.18181818181818182
0.3712574850299401 0.18181818181818182
0.3712574850299401 0.18181818181818182
0.3772455089820359 0.6083916083916084
0.3772455089820359 0.6083916083916084
0.3772455089820359 0.6083916083916084
0.3772455089820359 0.6083916083916084
0.3592814371257485 0.18181818181818182
0.3772455089820359 0.6083916083916084
0.3592814371257485 0.18181818181818182
0.3712574850299401 0.1958041958041958
0.40119760479041916 0.5804195804195804
0.40718562874251496 0.17482517482517482
0.437125748502994 0.7762237762237763
0.4431137724550898 0.5664335664335665
0.4550898203592814 0.7902097902097902
0.39520958083832336 0.5594405594405595
0.41916167664670656 0.13986013986013987
0.47904191616766467 0.5874125874125874
0.5029940119760479 0.13986013986013987
0.5269461077844312 0.14685314685314685
0.4431137724550898 0.17482517482517482
0.46706586826347307 0.16083916083916083
0.40718562874251496 0.7342657342657343
0.47305389221556887 0.17482517482517482
0.5089820359281437 0.16083916083916083
0.5149700598802395 0.16083916083916083
0.5089820359281437 0.13286713286713286
0.48502994011976047 0.5384615384615384
0.5568862275449101 0.7972027972027972
0.5209580838323353 0.7342657342657343
0.49700598802395207 0.20279720279720279
0.5209580838323353 0.8111888111888111
0.48502994011976047 0.7972027972027972
0.5508982035928144 0.8041958041958042
0.5389221556886228 0.16083916083916083
0.46107784431137727 0.16083916083916083
0.4550898203592814 0.15384615384615385
0.4311377245508982 0.8321678321678322
0.5329341317365269 0.5874125874125874
0.41916167664670656 0.16083916083916083
0.47904191616766467 0.958041958041958
0.5029940119760479 0.6223776223776224
0.47305389221556887 0.1888111888111888
0.46706586826347307 0.16783216783216784
0.6107784431137725 0.8111888111888111
0.5269461077844312 0.16083916083916083
0.48502994011976047 0.6783216783216783
0.4491017964071856 0.5594405594405595
0.4491017964071856 0.8671328671328671
0.38323353293413176 0.5734265734265734
0.49700598802395207 0.8251748251748252
0.5269461077844312 0.6993006993006993
0.46706586826347307 0.8251748251748252
0.41317365269461076 0.8041958041958042
0.47305389221556887 0.7342657342657343
0.47305389221556887 0.6713286713286714
0.5149700598802395 0.17482517482517482
0.48502994011976047 0.7202797202797203
0.47305389221556887 0.1958041958041958
0.5688622754491018 0.1888111888111888
0.47904191616766467 0.8041958041958042
0.49101796407185627 0.6363636363636364
0.4491017964071856 0.15384615384615385
0.48502994011976047 0.17482517482517482
0.5269461077844312 0.8251748251748252
0.49101796407185627 0.8391608391608392
0.47904191616766467 0.5594405594405595
0.39520958083832336 0.16083916083916083
0.49101796407185627 0.15384615384615385
0.5089820359281437 0.6433566433566433
0.47305389221556887 0.18181818181818182
0.5089820359281437 0.15384615384615385
0.5149700598802395 0.15384615384615385
0.5449101796407185 0.8391608391608392
0.562874251497006 0.1258741258741259
0.5029940119760479 0.7692307692307693
0.5568862275449101 0.13286713286713286
0.5209580838323353 0.14685314685314685
0.5568862275449101 0.6993006993006993
0.48502994011976047 0.16083916083916083
0.5449101796407185 0.18181818181818182
0.49101796407185627 0.18181818181818182
0.562874251497006 0.13986013986013987
0.5089820359281437 0.8041958041958042
0.49101796407185627 0.9230769230769231
0.5389221556886228 0.6223776223776224
0.46706586826347307 0.6853146853146853
0.47904191616766467 0.15384615384615385
0.4550898203592814 0.7482517482517482
0.41317365269461076 0.14685314685314685
0.46706586826347307 0.8461538461538461
0.47305389221556887 0.7272727272727273
0.46107784431137727 0.7202797202797203
0.47904191616766467 0.8251748251748252
0.5389221556886228 0.7202797202797203
0.49101796407185627 0.16783216783216784
0.40718562874251496 0.7762237762237763
0.48502994011976047 0.8181818181818182
0.4491017964071856 0.21678321678321677
