0.2874251497005988 0.8601398601398601
0.2874251497005988 0.8601398601398601
0.2874251497005988 0.8601398601398601
0.2874251497005988 0.8601398601398601
0.2874251497005988 0.8601398601398601
0.2874251497005988 0.8601398601398601
0.2874251497005988 0.8601398601398601
0.2874251497005988 0.8601398601398601
0.2874251497005988 0.8601398601398601
0.2874251497005988 0.8601398601398601
0.2874251497005988 0.8321678321678322
0.2634730538922156 0.8251748251748252
0.2634730538922156 0.8251748251748252
0.2634730538922156 0.8251748251748252
0.2634730538922156 0.8251748251748252
0.2634730538922156 0.8251748251748252
0.2634730538922156 0.8251748251748252
0.2634730538922156 0.8251748251748252
0.2634730538922156 0.8251748251748252
0.2634730538922156 0.8251748251748252
0.2634730538922156 0.8251748251748252
0.2634730538922156 0.8251748251748252
0.2634730538922156 0.8251748251748252
0.2634730538922156 0.8251748251748252
0.2634730538922156 0.8251748251748252
0.2634730538922156 0.8251748251748252
0.2634730538922156 0.8251748251748252
0.2634730538922156 0.8251748251748252
0.2634730538922156 0.8251748251748252
0.2634730538922156 0.8251748251748252
0.2754491017964072 0.7272727272727273
0.2754491017964072 0.7272727272727273
0.2754491017964072 0.7272727272727273
0.2754491017964072 0.7272727272727273
0.2754491017964072 0.7272727272727273
0.2754491017964072 0.7272727272727273
0.2754491017964072 0.7272727272727273
0.2754491017964072 0.7272727272727273
0.2754491017964072 0.7272727272727273
0.2754491017964072 0.7272727272727273
0.281437125748503 0.13286713286713286
0.281437125748503 0.13286713286713286
0.281437125748503 0.13286713286713286
0.281437125748503 0.13286713286713286
0.281437125748503 0.13286713286713286
0.281437125748503 0.13286713286713286
0.281437125748503 0.13286713286713286
0.2874251497005988 0.7972027972027972
0.2934131736526946 0.1888111888111888
0.2994011976047904 0.13986013986013987
0.2994011976047904 0.17482517482517482
0.31137724550898205 0.8321678321678322
0.31137724550898205 0.7972027972027972
0.31137724550898205 0.8251748251748252
0.31137724550898205 0.8251748251748252
0.33532934131736525 0.8461538461538461
0.33532934131736525 0.8461538461538461
0.33532934131736525 0.8461538461538461
0.33532934131736525 0.8461538461538461
0.3592814371257485 0.2097902097902098
0.3592814371257485 0.2097902097902098
0.3592814371257485 0.2097902097902098
0.3772455089820359 0.1958041958041958
0.3772455089820359 0.1958041958041958
0.38922155688622756 0.20279720279720279
0.38922155688622756 0.20279720279720279
0.38922155688622756 0.20279720279720279
0.40718562874251496 0.8251748251748252
0.40718562874251496 0.1958041958041958
0.40718562874251496 0.2097902097902098
0.41916167664670656 0.8251748251748252
0.41317365269461076 0.8321678321678322
0.41916167664670656 0.16783216783216784
0.40119760479041916 0.14685314685314685
0.4431137724550898 0.15384615384615385
0.4550898203592814 0.16083916083916083
0.4550898203592814 0.16083916083916083
0.4550898203592814 0.16083916083916083
0.4550898203592814 0.16083916083916083
0.4550898203592814 0.16083916083916083
0.437125748502994 0.8531468531468531
0.46107784431137727 0.8181818181818182
0.49101796407185627 0.8181818181818182
0.46706586826347307 0.8461538461538461
0.437125748502994 0.6293706293706294
0.5149700598802395 0.8461538461538461
0.48502994011976047 0.7832167832167832
0.5089820359281437 0.15384615384615385
0.49101796407185627 0.6363636363636364
0.47904191616766467 0.13986013986013987
0.49101796407185627 0.13986013986013987
0.4491017964071856 0.1048951048951049
0.49700598802395207 0.8111888111888111
0.5149700598802395 0.13286713286713286
0.4251497005988024 0.8321678321678322
0.49101796407185627 0.18181818181818182
0.5209580838323353 0.7972027972027972
0.5329341317365269 0.15384615384615385
0.49101796407185627 0.8461538461538461
0.48502994011976047 0.17482517482517482
0.5508982035928144 0.13986013986013987
0.47305389221556887 0.6013986013986014
0.49101796407185627 0.13986013986013987
0.5089820359281437 0.7132867132867133
0.5089820359281437 0.17482517482517482
0.49700598802395207 0.13986013986013987
0.5209580838323353 0.7902097902097902
0.562874251497006 0.7272727272727273
0.49700598802395207 0.18181818181818182
0.49700598802395207 0.14685314685314685
0.437125748502994 0.8321678321678322
0.5568862275449101 0.13986013986013987
0.48502994011976047 0.11188811188811189
0.562874251497006 0.15384615384615385
0.41317365269461076 0.7552447552447552
0.49700598802395207 0.7272727272727273
0.562874251497006 0.6783216783216783
0.5329341317365269 0.14685314685314685
0.46706586826347307 0.14685314685314685
0.4550898203592814 0.1888111888111888
0.5149700598802395 0.8181818181818182
0.5149700598802395 0.6083916083916084
0.437125748502994 0.14685314685314685
0.5269461077844312 0.7902097902097902
0.5449101796407185 0.18181818181818182
0.5868263473053892 0.13986013986013987
0.5209580838323353 0.18181818181818182
0.5089820359281437 0.6993006993006993
0.48502994011976047 0.8391608391608392
0.5209580838323353 0.1258741258741259
0.5389221556886228 0.18181818181818182
0.47305389221556887 0.8321678321678322
0.47904191616766467 0.8181818181818182
0.47904191616766467 0.8041958041958042
0.5209580838323353 0.8461538461538461
0.47305389221556887 0.18181818181818182
0.5269461077844312 0.7622377622377622
0.5389221556886228 0.15384615384615385
0.5389221556886228 0.7622377622377622
0.48502994011976047 0.13986013986013987
0.49101796407185627 0.5454545454545454
0.5329341317365269 0.8251748251748252
0.39520958083832336 0.15384615384615385
0.562874251497006 0.16783216783216784
0.5029940119760479 0.14685314685314685
0.5389221556886228 0.9020979020979021
0.49101796407185627 0.8111888111888111
0.5568862275449101 0.7132867132867133
0.5449101796407185 0.8391608391608392
0.5089820359281437 0.17482517482517482
0.5149700598802395 0.7552447552447552
0.5269461077844312 0.1888111888111888
0.5329341317365269 0.16083916083916083
0.47904191616766467 0.15384615384615385
0.48502994011976047 0.13986013986013987
0.5508982035928144 0.13986013986013987
0.40718562874251496 0.16783216783216784
0.5269461077844312 0.8321678321678322
0.5209580838323353 0.17482517482517482
0.49101796407185627 0.5664335664335665
0.5449101796407185 0.7902097902097902
0.5868263473053892 0.15384615384615385
0.5748502994011976 0.8811188811188811
0.5149700598802395 0.6363636363636364
0.5089820359281437 0.13986013986013987
0.4550898203592814 0.17482517482517482
0.5089820359281437 0.18181818181818182
