0.2874251497005988 0.13286713286713286
0.2874251497005988 0.13286713286713286
0.2874251497005988 0.13286713286713286
0.2874251497005988 0.13286713286713286
0.2874251497005988 0.13286713286713286
0.281437125748503 0.1888111888111888
0.281437125748503 0.1888111888111888
0.281437125748503 0.1888111888111888
0.281437125748503 0.1888111888111888
0.281437125748503 0.1888111888111888
0.281437125748503 0.1888111888111888
0.281437125748503 0.1888111888111888
0.281437125748503 0.1888111888111888
0.281437125748503 0.1888111888111888
0.281437125748503 0.1888111888111888
0.281437125748503 0.1888111888111888
0.281437125748503 0.1888111888111888
0.281437125748503 0.1888111888111888
0.281437125748503 0.1888111888111888
0.281437125748503 0.1888111888111888
0.281437125748503 0.1888111888111888
0.2934131736526946 0.1258741258741259
0.2934131736526946 0.14685314685314685
0.2934131736526946 0.1958041958041958
0.2994011976047904 0.16783216783216784
0.2994011976047904 0.16783216783216784
0.2994011976047904 0.16783216783216784
0.2994011976047904 0.2097902097902098
0.281437125748503 0.22377622377622378
0.281437125748503 0.22377622377622378
0.281437125748503 0.22377622377622378
0.281437125748503 0.22377622377622378
0.281437125748503 0.22377622377622378
0.281437125748503 0.22377622377622378
0.281437125748503 0.22377622377622378
0.281437125748503 0.22377622377622378
0.281437125748503 0.22377622377622378
0.281437125748503 0.22377622377622378
0.281437125748503 0.22377622377622378
0.2634730538922156 0.17482517482517482
0.2634730538922156 0.17482517482517482
0.2634730538922156 0.17482517482517482
0.2634730538922156 0.17482517482517482
0.2634730538922156 0.17482517482517482
0.2634730538922156 0.17482517482517482
0.2634730538922156 0.17482517482517482
0.2634730538922156 0.17482517482517482
0.2634730538922156 0.17482517482517482
0.2934131736526946 0.16783216783216784
0.2994011976047904 0.1888111888111888
0.2934131736526946 0.16783216783216784
0.31137724550898205 0.6573426573426573
0.31736526946107785 0.5944055944055944
0.32335329341317365 0.5664335664335665
0.32934131736526945 0.6993006993006993
0.32934131736526945 0.6993006993006993
0.32934131736526945 0.6993006993006993
0.3473053892215569 0.8181818181818182
0.3473053892215569 0.8181818181818182
0.3473053892215569 0.8181818181818182
0.3652694610778443 0.16783216783216784
0.3652694610778443 0.16783216783216784
0.3652694610778443 0.16783216783216784
0.3772455089820359 0.1888111888111888
0.3652694610778443 0.6923076923076923
0.3413173652694611 0.6923076923076923
0.3592814371257485 0.7062937062937062
0.40119760479041916 0.2097902097902098
0.40718562874251496 0.1888111888111888
0.41916167664670656 0.1958041958041958
0.41916167664670656 0.1958041958041958
0.41916167664670656 0.1958041958041958
0.39520958083832336 0.15384615384615385
0.41916167664670656 0.1958041958041958
0.41916167664670656 0.1958041958041958
0.41916167664670656 0.1958041958041958
0.41916167664670656 0.1958041958041958
0.46706586826347307 0.13286713286713286
0.4491017964071856 0.14685314685314685
0.47305389221556887 0.17482517482517482
0.46706586826347307 0.6573426573426573
0.49101796407185627 0.14685314685314685
0.41916167664670656 0.15384615384615385
0.47305389221556887 0.17482517482517482
0.46706586826347307 0.8251748251748252
0.4251497005988024 0.8041958041958042
0.5089820359281437 0.6153846153846154
0.46107784431137727 0.20279720279720279
0.5149700598802395 0.14685314685314685
0.5149700598802395 0.7832167832167832
0.49101796407185627 0.5874125874125874
0.47305389221556887 0.6923076923076923
0.47305389221556887 0.8601398601398601
0.5149700598802395 0.7412587412587412
0.48502994011976047 0.7832167832167832
0.5089820359281437 0.6083916083916084
0.437125748502994 0.16083916083916083
0.4491017964071856 0.7132867132867133
0.46706586826347307 0.16083916083916083
0.4431137724550898 0.7272727272727273
0.48502994011976047 0.7972027972027972
0.5329341317365269 0.16083916083916083
0.4311377245508982 0.1888111888111888
0.49101796407185627 0.16083916083916083
0.5389221556886228 0.8251748251748252
0.48502994011976047 0.16783216783216784
0.49101796407185627 0.6993006993006993
0.46107784431137727 0.1958041958041958
0.49700598802395207 0.1958041958041958
0.5269461077844312 0.6923076923076923
0.5209580838323353 0.7342657342657343
0.5269461077844312 0.13286713286713286
0.5029940119760479 0.16083916083916083
0.46706586826347307 0.17482517482517482
0.5329341317365269 0.6713286713286714
0.49101796407185627 0.16783216783216784
0.5029940119760479 0.7692307692307693
0.5269461077844312 0.7062937062937062
0.437125748502994 0.18181818181818182
0.5269461077844312 0.5874125874125874
0.47904191616766467 0.6853146853146853
0.5269461077844312 0.14685314685314685
0.5449101796407185 0.7062937062937062
0.5508982035928144 0.8251748251748252
0.5149700598802395 0.14685314685314685
0.48502994011976047 0.0979020979020979
0.49101796407185627 0.6993006993006993
0.47305389221556887 0.8181818181818182
0.4550898203592814 0.8181818181818182
0.5149700598802395 0.14685314685314685
0.4251497005988024 0.15384615384615385
0.49101796407185627 0.7202797202797203
0.47305389221556887 0.16783216783216784
0.4550898203592814 0.8321678321678322
0.47305389221556887 0.7972027972027972
0.46107784431137727 0.13986013986013987
0.4491017964071856 0.7132867132867133
0.48502994011976047 0.8181818181818182
0.5329341317365269 0.13986013986013987
0.47305389221556887 0.13986013986013987
0.5029940119760479 0.8181818181818182
0.4431137724550898 0.13286713286713286
0.5029940119760479 0.916083916083916
0.49700598802395207 0.16083916083916083
0.5449101796407185 0.15384615384615385
0.49700598802395207 0.17482517482517482
0.5748502994011976 0.8251748251748252
0.5029940119760479 0.18181818181818182
0.5149700598802395 0.11888111888111888
0.47305389221556887 0.8811188811188811
0.48502994011976047 0.6713286713286714
0.5389221556886228 0.8111888111888111
0.47305389221556887 0.7902097902097902
0.5089820359281437 0.7132867132867133
0.5748502994011976 0.13986013986013987
0.49101796407185627 0.13286713286713286
0.562874251497006 0.15384615384615385
0.41916167664670656 0.8251748251748252
0.5449101796407185 0.8041958041958042
0.5269461077844312 0.8041958041958042
0.5029940119760479 0.17482517482517482
0.46706586826347307 0.7342657342657343
0.5329341317365269 0.17482517482517482
0.5389221556886228 0.5594405594405595
0.5149700598802395 0.16783216783216784
0.49700598802395207 0.5664335664335665
0.46107784431137727 0.18181818181818182
