0.18562874251497005 0.8881118881118881
0.18562874251497005 0.8881118881118881
0.18562874251497005 0.8881118881118881
0.18562874251497005 0.8881118881118881
0.18562874251497005 0.8881118881118881
0.17365269461077845 0.9020979020979021
0.17365269461077845 0.9020979020979021
0.17365269461077845 0.9020979020979021
0.17365269461077845 0.9020979020979021
0.17365269461077845 0.9020979020979021
0.17365269461077845 0.9020979020979021
0.17365269461077845 0.9020979020979021
0.17365269461077845 0.9020979020979021
0.17365269461077845 0.9020979020979021
0.17365269461077845 0.9020979020979021
0.17365269461077845 0.9020979020979021
0.17365269461077845 0.9020979020979021
0.17365269461077845 0.9020979020979021
0.17365269461077845 0.9020979020979021
0.17365269461077845 0.9020979020979021
0.17365269461077845 0.9020979020979021
0.17964071856287425 0.8741258741258742
0.17964071856287425 0.8741258741258742
0.17964071856287425 0.8741258741258742
0.17964071856287425 0.8741258741258742
0.17964071856287425 0.8741258741258742
0.2215568862275449 0.8671328671328671
0.24550898203592814 0.916083916083916
0.24550898203592814 0.916083916083916
0.24550898203592814 0.916083916083916
0.24550898203592814 0.916083916083916
0.24550898203592814 0.916083916083916
0.24550898203592814 0.916083916083916
0.24550898203592814 0.916083916083916
0.24550898203592814 0.916083916083916
0.24550898203592814 0.916083916083916
0.24550898203592814 0.916083916083916
0.24550898203592814 0.916083916083916
0.24550898203592814 0.916083916083916
0.24550898203592814 0.916083916083916
0.24550898203592814 0.916083916083916
0.24550898203592814 0.8391608391608392
0.25748502994011974 0.7762237762237763
0.25748502994011974 0.7762237762237763
0.2694610778443114 0.8601398601398601
0.2754491017964072 0.8391608391608392
0.2754491017964072 0.8531468531468531
0.2874251497005988 0.8321678321678322
0.2874251497005988 0.8321678321678322
0.2994011976047904 0.8461538461538461
0.30538922155688625 0.8181818181818182
0.31137724550898205 0.8041958041958042
0.31137724550898205 0.8041958041958042
0.32335329341317365 0.8111888111888111
0.32335329341317365 0.8111888111888111
0.32335329341317365 0.8111888111888111
0.32335329341317365 0.8111888111888111
0.32335329341317365 0.8111888111888111
0.3532934131736527 0.7902097902097902
0.3532934131736527 0.7902097902097902
0.3532934131736527 0.8321678321678322
0.3532934131736527 0.7902097902097902
0.3532934131736527 0.8321678321678322
0.31736526946107785 0.7902097902097902
0.38922155688622756 0.7902097902097902
0.38922155688622756 0.7902097902097902
0.40119760479041916 0.7972027972027972
0.40119760479041916 0.7972027972027972
0.41317365269461076 0.15384615384615385
0.41916167664670656 0.18181818181818182
0.4251497005988024 0.13286713286713286
0.4251497005988024 0.13286713286713286
0.437125748502994 0.11888111888111888
0.437125748502994 0.11888111888111888
0.437125748502994 0.11888111888111888
0.4251497005988024 0.13286713286713286
0.4251497005988024 0.13286713286713286
0.4550898203592814 0.13986013986013987
0.46706586826347307 0.16083916083916083
0.4550898203592814 0.13986013986013987
0.4550898203592814 0.13986013986013987
0.46107784431137727 0.15384615384615385
0.4550898203592814 0.14685314685314685
0.4550898203592814 0.13986013986013987
0.4550898203592814 0.13986013986013987
0.5149700598802395 0.8181818181818182
0.5029940119760479 0.18181818181818182
0.4550898203592814 0.7902097902097902
0.4550898203592814 0.8111888111888111
0.5209580838323353 0.8391608391608392
0.47305389221556887 0.5384615384615384
0.49700598802395207 0.7692307692307693
0.5449101796407185 0.18181818181818182
0.48502994011976047 0.21678321678321677
0.49700598802395207 0.8321678321678322
0.49101796407185627 0.15384615384615385
0.48502994011976047 0.8181818181818182
0.49101796407185627 0.18181818181818182
0.47904191616766467 0.8041958041958042
0.437125748502994 0.17482517482517482
0.5389221556886228 0.17482517482517482
0.5269461077844312 0.5944055944055944
0.5149700598802395 0.8391608391608392
0.49101796407185627 0.20279720279720279
0.5149700598802395 0.8321678321678322
0.49101796407185627 0.6853146853146853
0.5748502994011976 0.16783216783216784
0.5089820359281437 0.14685314685314685
0.5329341317365269 0.16083916083916083
0.5329341317365269 0.17482517482517482
0.47305389221556887 0.1958041958041958
0.47904191616766467 0.8041958041958042
0.47904191616766467 0.7342657342657343
0.48502994011976047 0.5384615384615384
0.49700598802395207 0.18181818181818182
0.5149700598802395 0.15384615384615385
0.5449101796407185 0.1958041958041958
0.4431137724550898 0.5384615384615384
0.437125748502994 0.8461538461538461
0.4550898203592814 0.8741258741258742
0.48502994011976047 0.7902097902097902
0.47305389221556887 0.7902097902097902
0.48502994011976047 0.8181818181818182
0.49700598802395207 0.6853146853146853
0.5209580838323353 0.11888111888111888
0.5089820359281437 0.16783216783216784
0.4491017964071856 0.16783216783216784
0.46706586826347307 0.17482517482517482
0.5329341317365269 0.7622377622377622
0.5089820359281437 0.16083916083916083
0.5269461077844312 0.8461538461538461
0.46107784431137727 0.15384615384615385
0.5209580838323353 0.16083916083916083
0.4550898203592814 0.7832167832167832
0.47904191616766467 0.5524475524475524
0.49101796407185627 0.7692307692307693
0.5269461077844312 0.7062937062937062
0.41317365269461076 0.7272727272727273
0.47904191616766467 0.8111888111888111
0.5269461077844312 0.8601398601398601
0.47904191616766467 0.8111888111888111
0.47305389221556887 0.7972027972027972
0.49700598802395207 0.7062937062937062
0.5029940119760479 0.1958041958041958
0.4550898203592814 0.5944055944055944
0.5389221556886228 0.16783216783216784
0.47904191616766467 0.7972027972027972
0.49101796407185627 0.7482517482517482
0.5389221556886228 0.13286713286713286
0.5209580838323353 0.1258741258741259
0.48502994011976047 0.7132867132867133
0.5089820359281437 0.18181818181818182
0.5389221556886228 0.16783216783216784
0.48502994011976047 0.6153846153846154
0.5329341317365269 0.5454545454545454
0.5449101796407185 0.5384615384615384
0.46706586826347307 0.8741258741258742
0.5449101796407185 0.1888111888111888
0.46107784431137727 0.8041958041958042
0.5269461077844312 0.8461538461538461
0.5029940119760479 0.15384615384615385
0.47305389221556887 0.13986013986013987
0.562874251497006 0.6923076923076923
0.4431137724550898 0.16783216783216784
0.5748502994011976 0.7902097902097902
0.5508982035928144 0.7202797202797203
0.5029940119760479 0.13986013986013987
